>-Z0.025568
164.059075 -49.012679
164.1713675 -48.8240625
>-Z0.025568
164.28366 -48.635446
164.1713675 -48.8240625
>-Z0.025568
164.28366 -48.635446
164.3672574000006 -48.41400739999853
>-Z0.025568
164.3672574000006 -48.41400739999853
164.4508547999992 -48.19256880000209
>-Z0.025568
164.4508547999992 -48.19256880000209
164.5344521999999 -47.97113020000034
>-Z0.025568
164.5344521999999 -47.97113020000034
164.6180495999994 -47.74969160000147
>-Z0.025568
164.6180495999994 -47.74969160000147
164.701647 -47.528253
>-Z0.025568
164.701647 -47.528253
164.795001499999 -47.31359600000219
>-Z0.025568
164.795001499999 -47.31359600000219
164.888356 -47.098939
>-Z0.025568
164.888356 -47.098939
164.981710500001 -46.88428199999782
>-Z0.025568
164.981710500001 -46.88428199999782
165.075065 -46.669625
>-Z0.025568
165.075065 -46.669625
165.155607 -46.4377165
>-Z0.025568
165.155607 -46.4377165
165.236149 -46.205808
>-Z0.025568
165.236149 -46.205808
165.3910834999994 -46.10409600000042
>-Z0.025568
165.3910834999994 -46.10409600000042
165.546018 -46.002384
>-Z0.0314
165.546018 -46.002384
165.7369795 -45.88803
>-Z0.0314
165.7369795 -45.88803
165.927941 -45.773676
>-Z0.014
164.358295 -49.181006
164.503525 -48.977201
>-Z0.014
164.6357079999993 -48.84966550000067
164.503525 -48.977201
>-Z0.014
164.767891 -48.72213
164.6357079999993 -48.84966550000067
>-Z0.014
164.8717930000003 -48.55813124999951
164.767891 -48.72213
>-Z0.014
164.9756949999988 -48.39413250000198
164.8717930000003 -48.55813124999951
>-Z0.014
165.0795969999972 -48.23013375000446
164.9756949999988 -48.39413250000198
>-Z0.014
165.183499 -48.066135
165.0795969999972 -48.23013375000446
>-Z0.010416
165.2008773333335 -47.83745299999806
165.183499 -48.066135
>-Z0.010416
165.2182556666665 -47.60877100000194
165.2008773333335 -47.83745299999806
>-Z0.010416
165.235634 -47.380089
165.2182556666665 -47.60877100000194
>-Z0.010416
165.235634 -47.380089
165.2148055 -47.1367185
>-Z0.010416
165.193977 -46.893348
165.2148055 -47.1367185
>-Z0.001888
165.6653649999996 -46.86586550000125
165.622547 -46.99336
>-Z0.001888
165.708183 -46.738371
165.6653649999996 -46.86586550000125
>-Z0.001888
165.708183 -46.738371
165.7386435813374 -46.61153243765302
>-Z0.001888
165.767571 -46.491078
165.7386435813374 -46.61153243765302
>-Z0.001888
165.861857 -46.283353
165.767571 -46.491078
>-Z0.0314
166.1123679999988 -45.65506450000081
165.927941 -45.773676
>-Z0.0314
166.296795 -45.536453
166.1123679999988 -45.65506450000081
>-Z0.0314
166.4692358218835 -45.41136162309248
166.296795 -45.536453
>-Z0.0314
166.6416766437672 -45.28627024618482
166.4692358218835 -45.41136162309248
>-Z0.0314
166.8137489405371 -45.16144620338873
166.6416766437672 -45.28627024618482
>-Z0.0314
166.982116 -45.03931
166.8137489405371 -45.16144620338873
>-Z0.0314
167.183397 -44.907007
166.982116 -45.03931
>-Z0.0272
167.2857968116907 -44.83091105156502
167.183397 -44.907007
>-Z0.0272
167.2857968116907 -44.83091105156502
167.375312 -44.76439
>-Z0.0272
167.375312 -44.76439
167.538547 -44.68229
>-Z0.0272
167.538547 -44.68229
167.6876402314807 -44.60122361036216
>-Z0.0272
167.6876402314807 -44.60122361036216
167.8606266934029 -44.50716576625352
>-Z0.0272
167.8606266934029 -44.50716576625352
168.0496674573103 -44.40437872439954
>-Z0.0272
168.0496674573103 -44.40437872439954
168.238875 -44.301501
>-Z0.0272
168.3954660000057 -44.22189433333044
168.238875 -44.301501
>-Z0.0272
168.5520569999932 -44.14228766667013
168.3954660000057 -44.22189433333044
>-Z0.0272
168.708648 -44.062681
168.5520569999932 -44.14228766667013
>-Z0.026057
168.9322114999949 -43.96117650000232
168.708648 -44.062681
>-Z0.026057
168.9322114999949 -43.96117650000232
169.1557750000036 -43.85967199999837
>-Z0.026057
169.1557750000036 -43.85967199999837
169.3793385 -43.7581675
>-Z0.026057
169.3793385 -43.7581675
169.6029019999964 -43.65666300000163
>-Z0.026057
169.6029019999964 -43.65666300000163
169.8264655000051 -43.55515849999767
>-Z0.026057
169.8264655000051 -43.55515849999767
170.050029 -43.453654
>-Z0.026057
170.050029 -43.453654
170.2475844985235 -43.35234164910437
>-Z0.026057
170.2475844985235 -43.35234164910437
170.4451399970546 -43.25102929820481
>-Z0.026057
170.4451399970546 -43.25102929820481
170.6426954955869 -43.14971694730468
>-Z0.026057
170.6426954955869 -43.14971694730468
170.8352686050407 -43.05095971410253
>-Z0.026057
171.0027619272363 -42.96506414370443
170.8352686050407 -43.05095971410253
>-Z0.026057
171.14642 -42.891392
171.0027619272363 -42.96506414370443
>-Z0.002753
165.927941 -45.773676
165.9639705 -45.636838
>-Z0.002753
165.9639705 -45.636838
166.0 -45.5
>-Z0.002753
166.0 -45.5
166.0690413136171 -45.37054721333593
>-Z0.002753
166.0690413136171 -45.37054721333593
166.133333 -45.25
>-Z0.002753
166.133333 -45.25
166.2331727842319 -45.18646564135955
>-Z0.002753
166.2331727842319 -45.18646564135955
166.316667 -45.133333
>-Z0.002719
166.316667 -45.133333
166.3779287208986 -45.08571557077683
>-Z0.002719
166.3779287208986 -45.08571557077683
166.43666 -45.040065
>-Z0.002719
166.43666 -45.040065
166.5337301666548 -44.95448247083937
>-Z0.002719
166.5337301666548 -44.95448247083937
166.633333 -44.866667
>-Z0.000363
166.633333 -44.866667
166.700145113023 -44.78500745380692
>-Z0.000363
166.700145113023 -44.78500745380692
166.783333 -44.683333
>-Z0.0004
166.783333 -44.683333
166.9280289576595 -44.57936799625918
>-Z0.0004
166.9280289576595 -44.57936799625918
167.031147 -44.505277
>-Z0.002753
166.418762 -45.298674
166.4719282414306 -45.22141042511476
>-Z0.002753
166.4719282414306 -45.22141042511476
166.519147 -45.15279
>-Z0.002753
166.6007059599874 -45.07834806582139
166.519147 -45.15279
>-Z0.002753
166.6836774760485 -45.00261683851937
166.6007059599874 -45.07834806582139
>-Z0.002753
166.768086 -44.925574
166.6836774760485 -45.00261683851937
>-Z0.000141
167.1654587174736 -46.11661269149266
167.299602 -46.041645
>-Z0.000141
166.9983773249828 -46.20998826759686
167.1654587174736 -46.11661269149266
>-Z0.000141
166.827105 -46.305706
166.9983773249828 -46.20998826759686
>-Z0.000141
166.827105 -46.305706
166.6860960000006 -46.4115674999995
>-Z0.000141
166.6860960000006 -46.4115674999995
166.545087 -46.517429
>-Z0.0002
167.124415555511 -44.5390009624119
167.06394 -44.607745
>-Z0.0002
167.124415555511 -44.5390009624119
167.195365 -44.458351
>-Z0.0002
167.195365 -44.458351
167.2745471264237 -44.41467010537983
>-Z0.0002
167.2745471264237 -44.41467010537983
167.348944 -44.373629
>-Z0.0002
167.348944 -44.373629
167.439064 -44.278934
>-Z0.000662
167.4195576103914 -44.46900692773228
167.30481 -44.5581
>-Z0.000662
167.530503 -44.382866
167.4195576103914 -44.46900692773228
>-Z0.000662
167.6422465179132 -44.31946997069362
167.530503 -44.382866
>-Z0.000662
167.7894205322029 -44.23597297420302
167.6422465179132 -44.31946997069362
>-Z0.000662
167.7894205322029 -44.23597297420302
167.964199 -44.136815
>-Z0.000441
167.964199 -44.136815
168.1066745 -44.05816249999999
>-Z0.000441
168.1066745 -44.05816249999999
168.24915 -43.97951
>-Z0.000441
168.24915 -43.97951
168.4551755 -43.890214
>-Z0.000441
168.4551755 -43.890214
168.661201 -43.800918
>-Z0.000563
167.3493588760398 -45.96975051397853
167.299602 -46.041645
>-Z0.000563
167.3493588760398 -45.96975051397853
167.39983 -45.896824
>-Z0.000563
167.39983 -45.896824
167.5045558388965 -45.7965155290807
>-Z0.000563
167.6060308609713 -45.69932075453337
167.5045558388965 -45.7965155290807
>-Z0.000563
167.704356 -45.605143
167.6060308609713 -45.69932075453337
>-Z0.000473
167.299602 -46.041645
167.286185 -46.21229
>-Z0.000473
167.3608914606432 -46.34940921628863
167.286185 -46.21229
>-Z0.000473
167.453917 -46.520152
167.3608914606432 -46.34940921628863
>-Z0.000473
167.453917 -46.520152
167.411871 -46.6733295
>-Z0.000473
167.411871 -46.6733295
167.369825 -46.826507
>-Z0.000235
168.092906 -44.810952
167.923763 -44.929967
>-Z0.000235
167.8632355603748 -45.03736809526671
167.923763 -44.929967
>-Z0.000235
167.795804 -45.15702
167.8632355603748 -45.03736809526671
>-Z0.000235
167.6952790881139 -45.33293607750144
167.795804 -45.15702
>-Z0.000235
167.616174 -45.471368
167.6952790881139 -45.33293607750144
>-Z0.000291
167.983096 -45.743873
167.961835 -45.808238
>-Z0.000291
167.940575 -45.872604
167.961835 -45.808238
>-Z0.000291
167.981319 -45.597477
167.982207 -45.670675
>-Z0.000291
167.9826600434813 -45.70797744853485
167.982207 -45.670675
>-Z0.000291
167.983096 -45.743873
167.9826600434813 -45.70797744853485
>-Z0.000291
168.233587 -45.668933
168.265212 -45.60546
>-Z0.000291
168.189807258848 -45.69751659214431
168.233587 -45.668933
>-Z0.000291
168.189807258848 -45.69751659214431
168.135 -45.7333
>-Z0.000291
168.0486303855044 -45.73931159899715
168.135 -45.7333
>-Z0.000291
168.0486303855044 -45.73931159899715
167.983096 -45.743873
>-Z0.000116
168.2854331763994 -45.57066107793643
168.265212 -45.60546
>-Z0.000116
168.2854331763994 -45.57066107793643
168.30745 -45.532772
>-Z0.000116
168.30745 -45.532772
168.337219062577 -45.49145752151863
>-Z0.000116
168.337219062577 -45.49145752151863
168.371096 -45.444442
>-Z0.000116
168.2872017632396 -45.94985329342719
168.310742 -46.032649
>-Z0.000116
168.2872017632396 -45.94985329342719
168.268851 -45.88531
>-Z0.000116
168.280767 -45.805126
168.268851 -45.88531
>-Z0.000116
168.3151707191654 -45.77919586200721
168.280767 -45.805126
>-Z0.000116
168.351007 -45.752186
168.3151707191654 -45.77919586200721
>-Z0.000116
168.320332968031 -45.6997274882605
168.351007 -45.752186
>-Z0.000116
168.2917837019731 -45.65090273610004
168.320332968031 -45.6997274882605
>-Z0.000116
168.265212 -45.60546
168.2917837019731 -45.65090273610004
>-Z0.000221
169.124612 -44.740473
169.0917776574009 -44.7763682211517
>-Z0.000221
169.0917776574009 -44.7763682211517
169.0499390774703 -44.8221070714042
>-Z0.000221
168.996627 -44.880389
169.0499390774703 -44.8221070714042
>-Z0.000221
168.9519163206565 -44.95411462174555
168.996627 -44.880389
>-Z0.000221
168.91334 -45.017725
168.9519163206565 -44.95411462174555
>-Z0.000221
168.978 -45.1183
168.91334 -45.017725
>-Z0.000299
168.978 -45.1183
168.9430042830755 -45.19830164120539
>-Z0.000299
168.899277 -45.298264
168.9430042830755 -45.19830164120539
>-Z0.000299
168.899277 -45.298264
168.8168421223576 -45.39672252114205
>-Z0.000299
168.8168421223576 -45.39672252114205
168.722 -45.51
>-Z0.000221
169.10441 -44.683334
169.084207 -44.626194
>-Z0.000221
169.124612 -44.740473
169.10441 -44.683334
>-Z2.9e-05
169.1585556563334 -44.70257209705925
169.124612 -44.740473
>-Z2.9e-05
169.1926774439148 -44.66447229583022
169.1585556563334 -44.70257209705925
>-Z2.9e-05
169.2269783014031 -44.62617254822262
169.1926774439148 -44.66447229583022
>-Z2.9e-05
169.2269783014031 -44.62617254822262
169.2614591756464 -44.58767179700202
>-Z2.9e-05
169.2614591756464 -44.58767179700202
169.296121 -44.548969
>-Z0.000186
169.296121 -44.548969
169.3197922075951 -44.50656432907168
>-Z0.000186
169.3197922075951 -44.50656432907168
169.3497763456281 -44.45285065598369
>-Z0.000186
169.3497763456281 -44.45285065598369
169.387757 -44.384812
>-Z0.000186
169.387757 -44.384812
169.466108 -44.252925
>-Z0.000186
169.466108 -44.252925
169.5270160003333 -44.16770361066179
>-Z0.000186
169.5270160003333 -44.16770361066179
169.580071 -44.09347
>-Z0.000184
169.3382890485153 -45.77527967801073
169.4 -45.765
>-Z0.000184
169.2624276205333 -45.78791651206251
169.3382890485153 -45.77527967801073
>-Z0.000184
169.169171 -45.803451
169.2624276205333 -45.78791651206251
>-Z0.000184
169.060351 -45.876625
169.169171 -45.803451
>-Z0.000354
169.264238 -45.235924
169.358 -45.1433
>-Z0.000354
169.358 -45.1433
169.4465956799218 -45.08836552753684
>-Z0.000354
169.4465956799218 -45.08836552753684
169.5334378872259 -45.03451831004275
>-Z0.000354
169.5334378872259 -45.03451831004275
169.6185613165268 -44.98173683483961
>-Z0.000354
169.6185613165268 -44.98173683483961
169.702 -44.93
>-Z0.000354
169.702 -44.93
169.7474429604881 -44.87881732020197
>-Z0.000354
169.78278 -44.839017
169.7474429604881 -44.87881732020197
>-Z0.000186
169.3987859490956 -44.57462309890521
169.333888 -44.598406
>-Z0.000186
169.488317 -44.541813
169.3987859490956 -44.57462309890521
>-Z0.000186
169.488317 -44.541813
169.5483513490718 -44.48532068910229
>-Z0.000186
169.5483513490718 -44.48532068910229
169.597198 -44.439356
>-Z0.000156
169.265 -45.9883
169.241014 -46.088154
>-Z0.000156
169.314435286428 -45.93088883189193
169.265 -45.9883
>-Z0.000156
169.314435286428 -45.93088883189193
169.3580635752702 -45.88022156148701
>-Z0.000156
169.396567 -45.835506
169.3580635752702 -45.88022156148701
>-Z0.000156
169.4407092967024 -45.82415107718648
169.396567 -45.835506
>-Z0.000156
169.493187 -45.810652
169.4407092967024 -45.82415107718648
>-Z0.000262
169.701462 -44.083202
169.65487 -44.182652
>-Z0.000262
169.7694542346535 -44.02352080423969
169.701462 -44.083202
>-Z0.000262
169.853955 -43.949349
169.7694542346535 -44.02352080423969
>-Z0.000262
169.9141739251402 -43.88615461083126
169.853955 -43.949349
>-Z0.000262
169.9141739251402 -43.88615461083126
169.970974 -43.826548
>-Z0.000291
169.655607 -44.67729
169.678061906804 -44.55000621076598
>-Z0.000291
169.695395 -44.451755
169.678061906804 -44.55000621076598
>-Z0.000291
169.6725453330307 -44.39501172416053
169.695395 -44.451755
>-Z0.000291
169.647643 -44.333171
169.6725453330307 -44.39501172416053
>-Z0.000105
169.9519016433783 -44.9158819903669
169.999667 -44.879023
>-Z0.000105
169.8942349217368 -44.96038154585664
169.9519016433783 -44.9158819903669
>-Z0.000105
169.8246143431136 -45.01410550854229
169.8942349217368 -44.96038154585664
>-Z0.000105
169.740562 -45.078966
169.8246143431136 -45.01410550854229
>-Z0.000105
169.6796392996265 -45.13686687388199
169.740562 -45.078966
>-Z0.000105
169.6796392996265 -45.13686687388199
169.615 -45.1983
>-Z0.000116
169.79108 -45.310935
169.75805 -45.339653
>-Z0.000116
169.7245987855481 -45.36453456615659
169.75805 -45.339653
>-Z0.000116
169.7245987855481 -45.36453456615659
169.680262 -45.397513
>-Z0.000116
169.617 -45.4567
169.680262 -45.397513
>-Z0.000116
169.845053 -44.826185
169.8707179215043 -44.80360237682521
>-Z0.000116
169.8707179215043 -44.80360237682521
169.904821 -44.773595
>-Z0.000116
169.904821 -44.773595
169.9140273005769 -44.73906769815585
>-Z0.000116
169.9140273005769 -44.73906769815585
169.923611 -44.703125
>-Z0.000116
169.8395586233641 -44.79021828332906
169.845053 -44.826185
>-Z0.000116
169.8320174511293 -44.74085304626851
169.8395586233641 -44.79021828332906
>-Z0.000116
169.821667 -44.673098
169.8320174511293 -44.74085304626851
>-Z0.000116
169.8543174522501 -44.62361755072916
169.821667 -44.673098
>-Z0.000116
169.882405 -44.581052
169.8543174522501 -44.62361755072916
>-Z0.000116
169.846396 -44.893508
169.845725 -44.859846
>-Z0.000116
169.845053 -44.826185
169.845725 -44.859846
>-Z0.001414
170.102212 -43.901056
170.1007289900806 -43.96321718697462
>-Z0.001414
170.099358 -44.020683
170.1007289900806 -43.96321718697462
>-Z0.001414
170.070170300441 -44.07891016349365
170.099358 -44.020683
>-Z0.001414
170.070170300441 -44.07891016349365
170.043832 -44.131453
>-Z0.001414
170.043832 -44.131453
170.045948 -44.2147
>-Z0.001414
170.045948 -44.2147
170.0099229827649 -44.28397709095055
>-Z0.001414
170.0099229827649 -44.28397709095055
169.9722423403969 -44.35643799419899
>-Z0.001414
169.93283 -44.432229
169.9722423403969 -44.35643799419899
>-Z0.001414
169.8892612800482 -44.47588069481919
169.93283 -44.432229
>-Z0.001414
169.8892612800482 -44.47588069481919
169.850917 -44.514298
>-Z3.3e-05
169.850917 -44.514298
169.8671962165337 -44.54880964953292
>-Z3.3e-05
169.882405 -44.581052
169.8671962165337 -44.54880964953292
>-Z3.3e-05
169.923611 -44.703125
169.903008 -44.642089
>-Z3.3e-05
169.903008 -44.642089
169.882405 -44.581052
>-Z0.000299
170.101815 -44.981738
170.0670376875389 -45.01203462795452
>-Z0.000299
170.026085 -45.047711
170.0670376875389 -45.01203462795452
>-Z0.000299
170.026085 -45.047711
169.9860701045963 -45.09885682191702
>-Z0.000299
169.9860701045963 -45.09885682191702
169.938455 -45.159717
>-Z0.000299
169.938455 -45.159717
169.8917419587013 -45.27048937382619
>-Z0.000299
169.8917419587013 -45.27048937382619
169.85713 -45.352566
>-Z9.7e-05
169.85 -45.786667
169.845 -45.72
>-Z9.7e-05
169.8769610977918 -45.67205813539467
169.845 -45.72
>-Z9.7e-05
169.918333 -45.61
169.8769610977918 -45.67205813539467
>-Z0.000187
169.9840254713431 -45.57555143272518
169.918333 -45.61
>-Z0.000187
170.055 -45.538333
169.9840254713431 -45.57555143272518
>-Z0.000187
170.1325290725464 -45.42622277582889
170.055 -45.538333
>-Z0.000187
170.2097509906029 -45.31455670966967
170.1325290725464 -45.42622277582889
>-Z0.000187
170.286667 -45.203333
170.2097509906029 -45.31455670966967
>-Z3.3e-05
169.999667 -44.879023
169.9797146418864 -44.83287831861437
>-Z3.3e-05
169.961639 -44.791074
169.9797146418864 -44.83287831861437
>-Z3.3e-05
169.943006897907 -44.74798273180353
169.961639 -44.791074
>-Z3.3e-05
169.923611 -44.703125
169.943006897907 -44.74798273180353
>-Z0.000519
170.357963 -44.6735
170.2949619552173 -44.65133123727689
>-Z0.000519
170.2949619552173 -44.65133123727689
170.2262746478707 -44.62716159653667
>-Z0.000519
170.1513878451195 -44.60081048177327
170.2262746478707 -44.62716159653667
>-Z0.000519
170.069742 -44.572081
170.1513878451195 -44.60081048177327
>-Z0.000519
170.0359119331272 -44.53387201209228
170.069742 -44.572081
>-Z0.000519
170.003 -44.4967
170.0359119331272 -44.53387201209228
>-Z3.3e-05
170.050741 -44.930381
170.101815 -44.981738
>-Z3.3e-05
169.999667 -44.879023
170.050741 -44.930381
>-Z0.000897
170.0078140031701 -46.24582304339157
169.968231 -46.292196
>-Z0.000897
170.040367 -46.207686
170.0078140031701 -46.24582304339157
>-Z0.000897
170.040367 -46.207686
170.103333 -46.166667
>-Z0.000897
170.1416582391588 -46.12763814313622
170.103333 -46.166667
>-Z0.000897
170.180243 -46.088345
170.1416582391588 -46.12763814313622
>-Z0.000897
170.2115409812568 -46.06107657252016
170.180243 -46.088345
>-Z0.000897
170.237673 -46.038309
170.2115409812568 -46.06107657252016
>-Z0.000897
170.237673 -46.038309
170.273947 -45.99953
>-Z0.000897
170.273947 -45.99953
170.3299234465608 -45.98458192536076
>-Z0.000897
170.396965 -45.966679
170.3299234465608 -45.98458192536076
>-Z0.000897
170.461798 -45.926701
170.396965 -45.966679
>-Z5.6e-05
170.1567509207786 -45.00020068625516
170.101815 -44.981738
>-Z5.6e-05
170.1567509207786 -45.00020068625516
170.2267044919296 -45.02371045578815
>-Z5.6e-05
170.2267044919296 -45.02371045578815
170.315781 -45.053647
>-Z5.6e-05
170.315781 -45.053647
170.3944446990823 -45.15091326068161
>-Z5.6e-05
170.3944446990823 -45.15091326068161
170.476698 -45.252618
>-Z5.6e-05
170.617079 -45.342566
170.476698 -45.252618
>-Z5.6e-05
170.617079 -45.342566
170.7411811073903 -45.44331516617294
>-Z5.6e-05
170.7411811073903 -45.44331516617294
170.898099 -45.570705
>-Z0.00059
170.5416863731736 -43.86869140889173
170.631605 -43.78054
>-Z0.00059
170.464205 -43.94465
170.5416863731736 -43.86869140889173
>-Z0.00059
170.464205 -43.94465
170.3805669316954 -43.97548187225527
>-Z0.00059
170.311528 -44.000932
170.3805669316954 -43.97548187225527
>-Z0.00059
170.311528 -44.000932
170.2553386796581 -44.00735821291708
>-Z0.00059
170.201374 -44.01353
170.2553386796581 -44.00735821291708
>-Z7.9e-05
170.329066 -44.608364
170.357963 -44.6735
>-Z7.9e-05
170.300169 -44.543227
170.329066 -44.608364
>-Z0.000337
170.452 -44.8167
170.4277601033932 -44.77978697526376
>-Z0.000337
170.4277601033932 -44.77978697526376
170.404982 -44.7451
>-Z0.000337
170.404982 -44.7451
170.3811219484501 -44.70876618407511
>-Z0.000337
170.3811219484501 -44.70876618407511
170.357963 -44.6735
>-Z0.000104
170.462689 -44.696202
170.5166135845397 -44.63339290922237
>-Z0.000104
170.590701 -44.547099
170.5166135845397 -44.63339290922237
>-Z0.000104
170.6247302834653 -44.46013114144198
170.590701 -44.547099
>-Z0.000104
170.6247302834653 -44.46013114144198
170.654722 -44.383482
>-Z0.000151
170.654722 -44.383482
170.6425866557285 -44.31568334658089
>-Z0.000151
170.6425866557285 -44.31568334658089
170.630676 -44.24914
>-Z0.000151
170.630676 -44.24914
170.6485814868815 -44.16724896679409
>-Z0.000151
170.6485814868815 -44.16724896679409
170.6618438050976 -44.10659354040989
>-Z0.000151
170.6618438050976 -44.10659354040989
170.671667 -44.061667
>-Z0.000673
170.846667 -43.723333
170.8401764898416 -43.78679591022648
>-Z0.000673
170.831667 -43.87
170.8401764898416 -43.78679591022648
>-Z0.000673
170.831667 -43.87
170.7682683333852 -43.93634713321484
>-Z0.000673
170.7220405163008 -43.9847248563138
170.7682683333852 -43.93634713321484
>-Z0.000673
170.7220405163008 -43.9847248563138
170.688333 -44.02
>-Z0.000673
170.688333 -44.02
170.671667 -44.061667
>-Z3.8e-05
170.671667 -44.061667
170.6930688485878 -44.1024626272244
>-Z3.8e-05
170.6930688485878 -44.1024626272244
170.7219766863712 -44.15756596884636
>-Z3.8e-05
170.7219766863712 -44.15756596884636
170.761023 -44.231995
>-Z7.6e-05
170.842835 -44.313415
170.761023 -44.231995
>-Z7.6e-05
170.8958261670241 -44.42415284094179
170.842835 -44.313415
>-Z7.6e-05
170.8958261670241 -44.42415284094179
170.965621 -44.570006
>-Z7.6e-05
170.965621 -44.570006
170.970641 -44.770174
>-Z0.000636
170.9059503296367 -43.70073206145327
170.846667 -43.723333
>-Z0.000636
170.978406064657 -43.67310932797012
170.9059503296367 -43.70073206145327
>-Z0.000636
171.066961 -43.639349
170.978406064657 -43.67310932797012
>-Z0.000734
171.153333 -43.545
171.066961 -43.639349
>-Z0.000734
171.153333 -43.545
171.1253115297101 -43.45706975907854
>-Z0.000734
171.1253115297101 -43.45706975907854
171.105 -43.393333
>-Z0.000734
171.1076010251903 -43.36212069771643
171.105 -43.393333
>-Z0.000734
171.11 -43.333333
171.1076010251903 -43.36212069771643
>-Z0.000673
170.878333 -43.660833
170.91 -43.598333
>-Z0.000673
170.846667 -43.723333
170.878333 -43.660833
>-Z0.000663
171.533188 -43.357127
171.593333 -43.348333
>-Z0.000663
171.475626631222 -43.34437045641386
171.533188 -43.357127
>-Z0.000663
171.3989908813881 -43.32738671708023
171.475626631222 -43.34437045641386
>-Z0.000663
171.3989908813881 -43.32738671708023
171.29696 -43.304775
>-Z0.000663
171.2018760985924 -43.29939460559913
171.29696 -43.304775
>-Z0.000663
171.1313942917332 -43.29540633930615
171.2018760985924 -43.29939460559913
>-Z0.000663
171.079149 -43.29245
171.1313942917332 -43.29540633930615
>-Z0.000175
171.133526 -42.723689
171.238408251692 -42.59115393468823
>-Z0.000175
171.238408251692 -42.59115393468823
171.353396 -42.445849
>-Z0.000175
171.4636610577694 -42.3256407704792
171.353396 -42.445849
>-Z0.000175
171.564718 -42.215471
171.4636610577694 -42.3256407704792
>-Z0.013
171.7553652942108 -42.76250666882986
171.825 -42.7433
>-Z0.013
171.6801783874654 -42.7832447476633
171.7553652942108 -42.76250666882986
>-Z0.013
171.5989965490064 -42.8056363506522
171.6801783874654 -42.7832447476633
>-Z0.013
171.5113417814272 -42.82981331920793
171.5989965490064 -42.8056363506522
>-Z0.013
171.416698 -42.855918
171.5113417814272 -42.82981331920793
>-Z0.013
171.2914103606915 -42.87236200845363
171.416698 -42.855918
>-Z0.013
171.14642 -42.891392
171.2914103606915 -42.87236200845363
>-Z0.011859
171.447925 -42.734271
171.3727672215344 -42.7734372802235
>-Z0.011859
171.3727672215344 -42.7734372802235
171.297173 -42.812831
>-Z0.011859
171.297173 -42.812831
171.2270741776545 -42.84936117573303
>-Z0.011859
171.2270741776545 -42.84936117573303
171.14642 -42.891392
>-Z0.000636
171.2336215 -43.94299849999999
171.115576 -44.040997
>-Z0.000636
171.351667 -43.845
171.2336215 -43.94299849999999
>-Z0.000636
171.4089076727074 -43.7148232114985
171.351667 -43.845
>-Z0.000636
171.455 -43.61
171.4089076727074 -43.7148232114985
>-Z0.000636
171.5293471823119 -43.57325352058794
171.455 -43.61
>-Z0.000636
171.6 -43.538333
171.5293471823119 -43.57325352058794
>-Z0.000636
171.6 -43.538333
171.5972230060947 -43.45919263071823
>-Z0.000636
171.5972230060947 -43.45919263071823
171.5950435275433 -43.39708059760385
>-Z0.000636
171.5950435275433 -43.39708059760385
171.593333 -43.348333
>-Z0.00075
171.315636 -42.247235
171.4128443834041 -42.14833185264499
>-Z0.00075
171.4128443834041 -42.14833185264499
171.501935 -42.057688
>-Z0.00075
171.501935 -42.057688
171.5493008665322 -41.95335401295968
>-Z0.00075
171.593305 -41.856425
171.5493008665322 -41.95335401295968
>-Z0.00075
171.593305 -41.856425
171.708946 -41.766377
>-Z0.00015
171.7692576692446 -41.70712919232968
171.708946 -41.766377
>-Z0.00015
171.7692576692446 -41.70712919232968
171.835651 -41.641907
>-Z0.00015
171.835651 -41.641907
171.9187448818552 -41.51934702878458
>-Z0.00015
172.02 -41.37
171.9187448818552 -41.51934702878458
>-Z0.00015
172.0693344804713 -41.18083978572742
172.02 -41.37
>-Z0.00015
172.0693344804713 -41.18083978572742
172.105708 -41.041375
>-Z0.00015
172.105708 -41.041375
172.068625 -40.908517
>-Z0.00015
172.068625 -40.908517
172.1425189570212 -40.8038124407308
>-Z0.00015
172.1425189570212 -40.8038124407308
172.213863 -40.702721
>-Z0.00015
172.213863 -40.702721
172.32765 -40.642842
>-Z0.011859
172.214262 -42.355391
172.0862103971897 -42.418700128965
>-Z0.011859
172.0862103971897 -42.418700128965
171.9826349404039 -42.46990817171766
>-Z0.011859
171.9826349404039 -42.46990817171766
171.8988572156418 -42.51132815135834
>-Z0.011859
171.8988572156418 -42.51132815135834
171.831093 -42.544831
>-Z0.011859
171.831093 -42.544831
171.7670565615778 -42.57649090608483
>-Z0.011859
171.7670565615778 -42.57649090608483
171.6972628337406 -42.61099724221276
>-Z0.011859
171.6972628337406 -42.61099724221276
171.6211942387431 -42.6486059011726
>-Z0.011859
171.6211942387431 -42.6486059011726
171.5382865657197 -42.68959583137959
>-Z0.011859
171.5382865657197 -42.68959583137959
171.447925 -42.734271
>-Z0.004072
171.742323113554 -42.7497863122224
171.825 -42.7433
>-Z0.004072
171.632275 -42.75842
171.742323113554 -42.7497863122224
>-Z0.004072
171.5310885378408 -42.74516504000714
171.632275 -42.75842
>-Z0.004072
171.447925 -42.734271
171.5310885378408 -42.74516504000714
>-Z0.000175
172.039333 -41.712546
171.928397 -41.870366
>-Z0.0005
171.928397 -41.870366
171.8496343950232 -41.95997506979084
>-Z0.0005
171.8496343950232 -41.95997506979084
171.760204 -42.061721
>-Z0.001061
171.760204 -42.061721
171.6531656183889 -42.14590683004771
>-Z0.001061
171.6531656183889 -42.14590683004771
171.564718 -42.215471
>-Z0.003303
171.593333 -43.348333
171.656687454229 -43.32914110222416
>-Z0.003303
171.656687454229 -43.32914110222416
171.7436138984905 -43.30280856645241
>-Z0.003303
171.7436138984905 -43.30280856645241
171.8628825964697 -43.26667862598761
>-Z0.003303
171.8628825964697 -43.26667862598761
172.026527 -43.217106
>-Z0.000325
172.1996449758567 -43.12789244414917
172.026527 -43.217106
>-Z0.000325
172.1996449758567 -43.12789244414917
172.376667 -43.036667
>-Z0.000238
171.825 -43.756667
171.666667 -43.74
>-Z0.000238
171.9961406913689 -43.75159064371613
171.825 -43.756667
>-Z0.000238
172.218333 -43.745
171.9961406913689 -43.75159064371613
>-Z0.000312
172.22 -43.406667
172.1353158238759 -43.42826980459177
>-Z0.000312
172.056667 -43.448333
172.1353158238759 -43.42826980459177
>-Z0.000312
172.056667 -43.448333
171.928333 -43.516667
>-Z0.000312
171.928333 -43.516667
171.8342756779668 -43.54829678541376
>-Z0.000312
171.74 -43.58
171.8342756779668 -43.54829678541376
>-Z0.016382
171.907683 -42.721219
171.990367 -42.699137
>-Z0.016382
171.825 -42.7433
171.907683 -42.721219
>-Z0.0042
171.859748 -42.621299
171.9312474653278 -42.61786720053303
>-Z0.0042
172.0155314869607 -42.61382177363105
171.9312474653278 -42.61786720053303
>-Z0.0042
172.114886 -42.609053
172.0155314869607 -42.61382177363105
>-Z0.0042
172.2093789341043 -42.58327512907368
172.114886 -42.609053
>-Z0.0042
172.2822430327901 -42.56339764988553
172.2093789341043 -42.58327512907368
>-Z0.0042
172.2822430327901 -42.56339764988553
172.338429 -42.54807
>-Z0.0042
172.338429 -42.54807
172.3879311091228 -42.5288070677175
>-Z0.0042
172.4435343174684 -42.5071699929336
172.3879311091228 -42.5288070677175
>-Z0.0042
172.4435343174684 -42.5071699929336
172.5059905984236 -42.48286615756219
>-Z0.0042
172.5761445813322 -42.45556688797423
172.5059905984236 -42.48286615756219
>-Z0.0042
172.654945 -42.424903
172.5761445813322 -42.45556688797423
>-Z0.0042
172.762633 -42.404179
172.654945 -42.424903
>-Z0.003
172.762633 -42.404179
172.8506497717175 -42.36487000801062
>-Z0.003
172.8506497717175 -42.36487000801062
172.93901344698 -42.32540608613221
>-Z0.003
173.0277254014479 -42.28578661998394
172.93901344698 -42.32540608613221
>-Z0.003
173.0277254014479 -42.28578661998394
173.116787 -42.246011
>-Z0.006026
172.5360858532016 -42.60073275570026
172.573536 -42.588546
>-Z0.006026
172.4958232755495 -42.61383471229205
172.5360858532016 -42.60073275570026
>-Z0.006026
172.4525370727239 -42.6279205951023
172.4958232755495 -42.61383471229205
>-Z0.006026
172.406000166168 -42.64306429839124
172.4525370727239 -42.6279205951023
>-Z0.006026
172.3559684383588 -42.65934526111631
172.406000166168 -42.64306429839124
>-Z0.006026
172.3021794334587 -42.67684888975644
172.3559684383588 -42.65934526111631
>-Z0.006026
172.244351 -42.695667
172.3021794334587 -42.67684888975644
>-Z0.006026
172.186997673933 -42.69645057708144
172.244351 -42.695667
>-Z0.006026
172.1257303435752 -42.69728762837735
172.186997673933 -42.69645057708144
>-Z0.006026
172.0602818981918 -42.69818180322884
172.1257303435752 -42.69728762837735
>-Z0.006026
171.990367 -42.699137
172.0602818981918 -42.69818180322884
>-Z0.010322
171.990367 -42.699137
172.0610110959583 -42.6801054613348
>-Z0.010322
172.0610110959583 -42.6801054613348
172.1271421549358 -42.66228973605968
>-Z0.010322
172.1271421549358 -42.66228973605968
172.1890484907372 -42.64561215235728
>-Z0.010322
172.1890484907372 -42.64561215235728
172.247 -42.63
>-Z0.010322
172.247 -42.63
172.2993897904731 -42.61896253928867
>-Z0.010322
172.2993897904731 -42.61896253928867
172.35 -42.6083
>-Z0.010322
172.35 -42.6083
172.4028568523641 -42.60362901071147
>-Z0.010322
172.4028568523641 -42.60362901071147
172.4512827461957 -42.59934958768006
>-Z0.010322
172.4512827461957 -42.59934958768006
172.4956491093068 -42.59542890762452
>-Z0.010322
172.4956491093068 -42.59542890762452
172.5362962730316 -42.59183689527653
>-Z0.010322
172.5362962730316 -42.59183689527653
172.573536 -42.588546
>-Z0.005474
173.343798 -42.025358
173.2034357365719 -42.07114521854854
>-Z0.005474
173.2034357365719 -42.07114521854854
173.093957 -42.106858
>-Z0.005474
173.093957 -42.106858
173.0123840787977 -42.11951384989455
>-Z0.005474
173.0123840787977 -42.11951384989455
172.9080570870517 -42.13569994116143
>-Z0.005474
172.9080570870517 -42.13569994116143
172.774629 -42.156401
>-Z0.005474
172.774629 -42.156401
172.6065715044586 -42.24060352891518
>-Z0.005474
172.6065715044586 -42.24060352891518
172.480158 -42.303941
>-Z0.005474
172.480158 -42.303941
172.3573903644781 -42.32769613301292
>-Z0.005474
172.3573903644781 -42.32769613301292
172.214262 -42.355391
>-Z0.005229
172.799453 -41.823329
172.6320641145205 -41.93466588021996
>-Z0.005229
172.4925079017891 -42.02749016360242
172.6320641145205 -41.93466588021996
>-Z0.005229
172.386616 -42.097923
172.4925079017891 -42.02749016360242
>-Z0.005229
172.386616 -42.097923
172.359689 -42.231913
>-Z0.005229
172.2930247465065 -42.28851575390998
172.359689 -42.231913
>-Z0.005229
172.214262 -42.355391
172.2930247465065 -42.28851575390998
>-Z0.016382
172.573536 -42.588546
172.5936162709727 -42.58648912596862
>-Z0.016382
172.5936162709727 -42.58648912596862
172.612918 -42.584512
>-Z0.016382
172.612918 -42.584512
172.648358 -42.57546
>-Z0.001308
172.644202 -43.138633
172.8105393683443 -43.09559492193372
>-Z0.001308
172.941667 -43.061667
172.8105393683443 -43.09559492193372
>-Z0.001308
173.09 -42.993333
172.941667 -43.061667
>-Z0.001308
173.1647476660698 -42.95990948996122
173.09 -42.993333
>-Z0.001308
173.2209543066523 -42.93477662208005
173.1647476660698 -42.95990948996122
>-Z0.001308
173.2632189964757 -42.91587791448322
173.2209543066523 -42.93477662208005
>-Z0.001308
173.295 -42.901667
173.2632189964757 -42.91587791448322
>-Z0.014204
172.648358 -42.57546
172.6807286437609 -42.55940069019801
>-Z0.014204
172.6807286437609 -42.55940069019801
172.7194838937829 -42.54017393118901
>-Z0.014204
172.7194838937829 -42.54017393118901
172.765883 -42.517155
>-Z0.001818
172.765883 -42.517155
172.8168700310134 -42.52309620099857
>-Z0.001818
172.8168700310134 -42.52309620099857
172.8821020818747 -42.53069728539222
>-Z0.001818
172.8821020818747 -42.53069728539222
172.965559 -42.540422
>-Z0.012784
172.8885391766682 -42.55615389025504
172.965559 -42.540422
>-Z0.012784
172.8277340483305 -42.56857380456506
172.8885391766682 -42.55615389025504
>-Z0.012784
172.77973 -42.578379
172.8277340483305 -42.56857380456506
>-Z0.001079
172.7278640703553 -42.5772265729331
172.77973 -42.578379
>-Z0.001079
172.6845426102284 -42.57626399839583
172.7278640703553 -42.5772265729331
>-Z0.001079
172.648358 -42.57546
172.6845426102284 -42.57626399839583
>-Z0.002096
174.488141 -41.372851
174.4272898731432 -41.36571302983682
>-Z0.002096
174.355441 -41.357285
174.4272898731432 -41.36571302983682
>-Z0.003775
174.2679266304122 -41.37237754068232
174.355441 -41.357285
>-Z0.003775
174.171541 -41.389
174.2679266304122 -41.37237754068232
>-Z0.0049
174.0338510169699 -41.43258521657465
174.171541 -41.389
>-Z0.0049
174.0338510169699 -41.43258521657465
173.8778190922506 -41.48197650185039
>-Z0.0049
173.8778190922506 -41.48197650185039
173.7010018467953 -41.53794729774786
>-Z0.0049
173.5006304785132 -41.60137405755815
173.7010018467953 -41.53794729774786
>-Z0.0049
173.2738813353553 -41.67315059710856
173.5006304785132 -41.60137405755815
>-Z0.0049
173.2738813353553 -41.67315059710856
173.0366671676709 -41.74823979855642
>-Z0.0049
173.0366671676709 -41.74823979855642
172.799453 -41.823329
>-Z8.9e-05
172.799453 -41.823329
172.8692002186736 -41.67584085536247
>-Z8.9e-05
172.8692002186736 -41.67584085536247
172.935 -41.5367
>-Z8.9e-05
173.0243462379177 -41.46591161348019
172.935 -41.5367
>-Z8.9e-05
173.0243462379177 -41.46591161348019
173.102014 -41.404376
>-Z8.9e-05
173.102014 -41.404376
173.237106 -41.316759
>-Z8.9e-05
173.237106 -41.316759
173.3186359164449 -41.23143044987479
>-Z8.9e-05
173.3186359164449 -41.23143044987479
173.409196 -41.136651
>-Z0.0001
173.5060202475433 -41.0801842001726
173.409196 -41.136651
>-Z0.0001
173.580806 -41.03657
173.5060202475433 -41.0801842001726
>-Z0.0001
173.580806 -41.03657
173.622498 -40.945271
>-Z0.0001
173.622498 -40.945271
173.6750662447909 -40.90491672841708
>-Z0.0001
173.738528 -40.8562
173.6750662447909 -40.90491672841708
>-Z0.0001
173.8132768878085 -40.73729459552649
173.738528 -40.8562
>-Z0.0001
173.8132768878085 -40.73729459552649
173.891518 -40.612834
>-Z0.0001
173.891518 -40.612834
174.036481 -40.544497
>-Z0.0158
173.5773817282628 -42.34678709170303
173.664123 -42.323992
>-Z0.0158
173.4660904870235 -42.37603376977206
173.5773817282628 -42.34678709170303
>-Z0.0158
173.323301 -42.413558
173.4660904870235 -42.37603376977206
>-Z0.0158
173.1422735885767 -42.47775471585335
173.323301 -42.413558
>-Z0.0158
172.965559 -42.540422
173.1422735885767 -42.47775471585335
>-Z0.003
173.224835 -42.218876
173.116787 -42.246011
>-Z0.003
173.2998789894332 -42.2041871075163
173.224835 -42.218876
>-Z0.003
173.391998 -42.186156
173.2998789894332 -42.2041871075163
>-Z0.005663
173.2610010738284 -42.06618709326463
173.343798 -42.025358
>-Z0.005663
173.194744 -42.09886
173.2610010738284 -42.06618709326463
>-Z0.000478
173.1567106171446 -42.17065150455452
173.194744 -42.09886
>-Z0.000478
173.116787 -42.246011
173.1567106171446 -42.17065150455452
>-Z5.5e-05
173.958282 -39.26164
173.8569175529011 -39.34077543581704
>-Z5.5e-05
173.8569175529011 -39.34077543581704
173.775941 -39.403994
>-Z1.5e-05
173.775941 -39.403994
173.7137276416103 -39.43776153980049
>-Z1.5e-05
173.7137276416103 -39.43776153980049
173.653425 -39.470492
>-Z0.000175
173.565503 -39.567561
173.653425 -39.470492
>-Z0.000215
173.5010369681694 -39.6051050645067
173.565503 -39.567561
>-Z0.000215
173.430673 -39.646084
173.5010369681694 -39.6051050645067
>-Z0.000215
173.3555015293755 -39.74049020905112
173.430673 -39.646084
>-Z0.000215
173.260467 -39.859842
173.3555015293755 -39.74049020905112
>-Z0.001061
173.275 -42.871667
173.2942706825308 -42.83925689323696
>-Z0.001061
173.2942706825308 -42.83925689323696
173.3183200204889 -42.79880987691795
>-Z0.001061
173.348333 -42.748333
173.3183200204889 -42.79880987691795
>-Z0.001061
173.345 -42.678333
173.348333 -42.748333
>-Z0.001061
173.3958860367773 -42.62532671169026
173.345 -42.678333
>-Z0.001061
173.3958860367773 -42.62532671169026
173.465 -42.553333
>-Z0.005663
174.025 -41.633333
173.9731606965094 -41.66467773885554
>-Z0.005663
173.9078244622209 -41.70418342399549
173.9731606965094 -41.66467773885554
>-Z0.005663
173.8254772299877 -41.7539748431702
173.9078244622209 -41.70418342399549
>-Z0.005663
173.72169 -41.81673
173.8254772299877 -41.7539748431702
>-Z0.005663
173.72169 -41.81673
173.6002358949054 -41.8837828273625
>-Z0.005663
173.6002358949054 -41.8837828273625
173.4743263859606 -41.95329541040779
>-Z0.005663
173.4743263859606 -41.95329541040779
173.343798 -42.025358
>-Z0.002
173.816511 -42.097788
173.7067802582268 -42.12171568857286
>-Z0.002
173.7067802582268 -42.12171568857286
173.6 -42.145
>-Z0.002
173.6 -42.145
173.5048783526262 -42.16382110037075
>-Z0.002
173.5048783526262 -42.16382110037075
173.391998 -42.186156
>-Z0.004126
173.99242 -41.863805
173.9033542178346 -41.89968123282091
>-Z0.004126
173.9033542178346 -41.89968123282091
173.808957 -41.937705
>-Z0.004126
173.808957 -41.937705
173.7378706065903 -41.99563320601423
>-Z0.004126
173.671562 -42.049668
173.7378706065903 -41.99563320601423
>-Z0.004126
173.5887835006054 -42.09008190102219
173.671562 -42.049668
>-Z0.004126
173.4959986961234 -42.13538105396798
173.5887835006054 -42.09008190102219
>-Z0.004126
173.391998 -42.186156
173.4959986961234 -42.13538105396798
>-Z0.001495
174.9158824979446 -41.84547150051937
175.013354 -41.800917
>-Z0.001495
174.807965617454 -41.89480061319816
174.9158824979446 -41.84547150051937
>-Z0.001495
174.807965617454 -41.89480061319816
174.688484 -41.949416
>-Z0.001883
174.688484 -41.949416
174.5949714557434 -41.9566113888555
>-Z0.001883
174.5949714557434 -41.9566113888555
174.508331 -41.963278
>-Z0.002825
174.508331 -41.963278
174.4134253766398 -42.00555707572254
>-Z0.002825
174.4134253766398 -42.00555707572254
174.3163901056936 -42.04878487848947
>-Z0.002825
174.3163901056936 -42.04878487848947
174.2171773492775 -42.0929827193828
>-Z0.002825
174.2171773492775 -42.0929827193828
174.1157383231259 -42.13817233108375
>-Z0.002825
174.1157383231259 -42.13817233108375
174.012023 -42.184376
>-Z0.003766
174.012023 -42.184376
173.881646 -42.239613
>-Z0.003766
173.881646 -42.239613
173.8090941282064 -42.26396928819794
>-Z0.003766
173.8090941282064 -42.26396928819794
173.749451 -42.283992
>-Z0.003766
173.749451 -42.283992
173.664123 -42.323992
>-Z0.016495
173.7686094955774 -42.14804468446714
173.816511 -42.097788
>-Z0.016495
173.727 -42.1917
173.7686094955774 -42.14804468446714
>-Z0.016495
173.6954996019251 -42.25797623236047
173.727 -42.1917
>-Z0.016495
173.664123 -42.323992
173.6954996019251 -42.25797623236047
>-Z0.018183
174.0313391491335 -41.96931844101137
174.082195 -41.951939
>-Z0.018183
173.98405 -41.985479
174.0313391491335 -41.96931844101137
>-Z0.018183
173.98405 -41.985479
173.916988 -42.021956
>-Z0.018183
173.8723382749803 -42.05565403982699
173.916988 -42.021956
>-Z0.018183
173.816511 -42.097788
173.8723382749803 -42.05565403982699
>-Z0.0002
174.4399860000026 -38.52899049999631
174.520586 -38.415754
>-Z0.0002
174.4399860000026 -38.52899049999631
174.359386 -38.642227
>-Z0.0002
174.2378815 -38.76165349999999
174.359386 -38.642227
>-Z0.0002
174.116377 -38.88108
174.2378815 -38.76165349999999
>-Z0.0002
173.9600722404815 -38.9907868748166
174.116377 -38.88108
>-Z0.0002
173.80802 -39.097509
173.9600722404815 -38.9907868748166
>-Z0.000161
174.105987 -42.662226
174.009612 -42.719005
>-Z0.000198
174.1683731967708 -42.61757178542221
174.105987 -42.662226
>-Z0.000198
174.245378 -42.562454
174.1683731967708 -42.61757178542221
>-Z0.000198
174.4126764031666 -42.50582438874857
174.245378 -42.562454
>-Z0.000198
174.6197784321111 -42.43572146387591
174.4126764031666 -42.50582438874857
>-Z0.000198
174.828823 -42.364961
174.6197784321111 -42.43572146387591
>-Z0.025
175.0471691250047 -42.2858338749983
174.828823 -42.364961
>-Z0.025
175.265515250004 -42.20670674999855
175.0471691250047 -42.2858338749983
>-Z0.025
175.265515250004 -42.20670674999855
175.483861375002 -42.12757962499927
>-Z0.025
175.7022075 -42.0484525
175.483861375002 -42.12757962499927
>-Z0.025
175.920553624998 -41.96932537500073
175.7022075 -42.0484525
>-Z0.025
176.138899749996 -41.89019825000145
175.920553624998 -41.96932537500073
>-Z0.025
176.3572458749953 -41.8110711250017
176.138899749996 -41.89019825000145
>-Z0.025
176.575592 -41.731944
176.3572458749953 -41.8110711250017
>-Z0.025
176.7924183333409 -41.64741849999705
176.575592 -41.731944
>-Z0.025
177.0092446666673 -41.56289299999974
176.7924183333409 -41.64741849999705
>-Z0.025
177.2260709999947 -41.47836750000207
177.0092446666673 -41.56289299999974
>-Z0.025
177.4428973333317 -41.39384200000062
177.2260709999947 -41.47836750000207
>-Z0.025
177.6597236666591 -41.30931650000295
177.4428973333317 -41.39384200000062
>-Z0.025
177.87655 -41.224791
177.6597236666591 -41.30931650000295
>-Z0.044
178.0361395 -41.110418
177.87655 -41.224791
>-Z0.044
178.195729 -40.996045
178.0361395 -41.110418
>-Z0.044
178.3127196666695 -40.84864266666316
178.195729 -40.996045
>-Z0.044
178.4297103333292 -40.70124033333854
178.3127196666695 -40.84864266666316
>-Z0.044
178.546701 -40.553838
178.4297103333292 -40.70124033333854
>-Z0.044
178.6032729999993 -40.35495880000231
178.546701 -40.553838
>-Z0.044
178.6598450000002 -40.15607959999918
178.6032729999993 -40.35495880000231
>-Z0.044
178.7164169999986 -39.95720040000492
178.6598450000002 -40.15607959999918
>-Z0.044
178.7729889999999 -39.75832120000025
178.7164169999986 -39.95720040000492
>-Z0.044
178.829561 -39.559442
178.7729889999999 -39.75832120000025
>-Z0.044
178.8671325 -39.415083
178.829561 -39.559442
>-Z0.044
178.904704 -39.270724
178.8671325 -39.415083
>-Z0.054
178.9500791412885 -39.09522132091746
178.904704 -39.270724
>-Z0.054
178.985591 -38.957868
178.9500791412885 -39.09522132091746
>-Z0.054
179.0305200168466 -38.82859625158949
178.985591 -38.957868
>-Z0.054
179.0788451471402 -38.68955305581778
179.0305200168466 -38.82859625158949
>-Z0.054
179.13082310711 -38.53999977743069
179.0788451471402 -38.68955305581778
>-Z0.054
179.13082310711 -38.53999977743069
179.18673 -38.379142
>-Z0.054
179.18673 -38.379142
179.3331692461402 -38.23146943153189
>-Z0.054
179.4895708307606 -38.07375062102083
179.3331692461402 -38.23146943153189
>-Z0.054
179.6459724153796 -37.91603181051105
179.4895708307606 -38.07375062102083
>-Z0.054
179.802374 -37.758313
179.6459724153796 -37.91603181051105
>-Z0.046765
179.9230269999993 -37.62075400000079
179.802374 -37.758313
>-Z0.046765
179.9230269999993 -37.62075400000079
180.04368 -37.483195
>-Z0.046765
180.04368 -37.483195
180.169485499998 -37.28878783333646
>-Z0.046765
180.169485499998 -37.28878783333646
180.295291000002 -37.09438066666354
>-Z0.046765
180.4210965 -36.8999735
180.295291000002 -37.09438066666354
>-Z0.046765
180.546901999998 -36.70556633333646
180.4210965 -36.8999735
>-Z0.046765
180.546901999998 -36.70556633333646
180.672707500002 -36.51115916666354
>-Z0.046765
180.798513 -36.316752
180.672707500002 -36.51115916666354
>-Z0.0015
174.2240435200853 -41.54762342214656
174.253482 -41.534947
>-Z0.0015
174.1866752026575 -41.56371448961994
174.2240435200853 -41.54762342214656
>-Z0.0015
174.139241 -41.58414
174.1866752026575 -41.56371448961994
>-Z0.0015
174.0803351638766 -41.60950527863393
174.139241 -41.58414
>-Z0.0015
174.025 -41.633333
174.0803351638766 -41.60950527863393
>-Z0.0045
174.188061 -41.538269
174.1601155852573 -41.54618733526352
>-Z0.0045
174.1601155852573 -41.54618733526352
174.1277249284194 -41.55536523019228
>-Z0.0045
174.1277249284194 -41.55536523019228
174.0901819219006 -41.56600304377114
>-Z0.0045
174.0901819219006 -41.56600304377114
174.046667 -41.578333
>-Z0.001889
174.046667 -41.578333
174.025 -41.633333
>-Z0.00786
174.5863051490938 -41.71095396241027
174.699938 -41.720479
>-Z0.00786
174.5863051490938 -41.71095396241027
174.5016143060992 -41.70385492849009
>-Z0.00786
174.5016143060992 -41.70385492849009
174.438494 -41.698564
>-Z0.015065
174.438494 -41.698564
174.4041932349578 -41.71808310615764
>-Z0.015065
174.3655000591183 -41.7401017464375
174.4041932349578 -41.71808310615764
>-Z0.015065
174.3655000591183 -41.7401017464375
174.321852 -41.76494
>-Z0.015065
174.321852 -41.76494
174.261188 -41.814423
>-Z0.015065
174.261188 -41.814423
174.2038989039619 -41.85843682920436
>-Z0.015065
174.1442665145309 -41.90425095414216
174.2038989039619 -41.85843682920436
>-Z0.015065
174.1442665145309 -41.90425095414216
174.082195 -41.951939
>-Z0.000129
174.082195 -41.951939
174.1228627793264 -41.88618878310955
>-Z0.000129
174.1228627793264 -41.88618878310955
174.165264 -41.817636
>-Z0.000129
174.165264 -41.817636
174.2053982371353 -41.7527483951175
>-Z0.000129
174.248333 -41.683333
174.2053982371353 -41.7527483951175
>-Z0.003
174.2566507586703 -41.94591071793294
174.168394 -41.971043
>-Z0.003
174.2566507586703 -41.94591071793294
174.3532523744729 -41.91840212716819
>-Z0.003
174.3532523744729 -41.91840212716819
174.4589879229578 -41.88829252798197
>-Z0.003
174.4589879229578 -41.88829252798197
174.574721 -41.855336
>-Z0.002852
174.6367228657332 -41.78856083682577
174.574721 -41.855336
>-Z0.002852
174.699938 -41.720479
174.6367228657332 -41.78856083682577
>-Z0.001173
174.253482 -41.534947
174.220772 -41.536608
>-Z0.001173
174.220772 -41.536608
174.188061 -41.538269
>-Z0.000704
174.439396 -41.487384
174.4049053623117 -41.48077525762146
>-Z0.000704
174.4049053623117 -41.48077525762146
174.3671845360038 -41.47354757961713
>-Z0.000704
174.3671845360038 -41.47354757961713
174.325931 -41.465643
>-Z0.000704
174.27979 -41.471704
174.325931 -41.465643
>-Z0.0015
174.2455721499185 -41.49653487344975
174.27979 -41.471704
>-Z0.0015
174.2151350660767 -41.51862215757946
174.2455721499185 -41.49653487344975
>-Z0.0015
174.188061 -41.538269
174.2151350660767 -41.51862215757946
>-Z0.002112
174.450722 -41.539943
174.4057358281072 -41.53880352061054
>-Z0.002112
174.352102 -41.537445
174.4057358281072 -41.53880352061054
>-Z0.002112
174.352102 -41.537445
174.3112457658571 -41.53641013006602
>-Z0.002112
174.2789736155958 -41.53559269109469
174.3112457658571 -41.53641013006602
>-Z0.002112
174.2789736155958 -41.53559269109469
174.253482 -41.534947
>-Z0.011
174.398333 -41.661667
174.4401285875164 -41.64904766226089
>-Z0.011
174.4401285875164 -41.64904766226089
174.4933551512723 -41.63297697095967
>-Z0.011
174.4933551512723 -41.63297697095967
174.561139 -41.612511
>-Z0.011
174.561139 -41.612511
174.6292132106528 -41.59187057229316
>-Z0.011
174.6821568808364 -41.57581779714557
174.6292132106528 -41.59187057229316
>-Z0.011
174.723333 -41.563333
174.6821568808364 -41.57581779714557
>-Z0.010416
174.723333 -41.563333
174.7669971990068 -41.53533117600181
>-Z0.010416
174.7669971990068 -41.53533117600181
174.817727377986 -41.50279794338829
>-Z0.010416
174.817727377986 -41.50279794338829
174.876667 -41.465
>-Z0.010416
174.876667 -41.465
174.9254311057796 -41.41928317966261
>-Z0.010416
174.9254311057796 -41.41928317966261
174.9701978999252 -41.37731387760504
>-Z0.010416
174.9701978999252 -41.37731387760504
175.0112950571582 -41.33878489560981
>-Z0.010416
175.0112950571582 -41.33878489560981
175.0490233682139 -41.30341423945622
>-Z0.010416
175.0490233682139 -41.30341423945622
175.083659 -41.270943
>-Z0.010416
175.083659 -41.270943
175.1138416010726 -41.25596194495456
>-Z0.010416
175.1138416010726 -41.25596194495456
175.144848 -41.240572
>-Z0.0015
175.5143979808208 -40.55374149792031
175.607828 -40.468948
>-Z0.0015
175.5143979808208 -40.55374149792031
175.442453 -40.619036
>-Z0.0015
175.442453 -40.619036
175.3693793716865 -40.65167587751891
>-Z0.0015
175.27833 -40.692345
175.3693793716865 -40.65167587751891
>-Z0.0015
175.1960808500702 -40.76026816680286
175.27833 -40.692345
>-Z0.0015
175.123029 -40.820596
175.1960808500702 -40.76026816680286
>-Z0.0015
175.123029 -40.820596
175.038202597651 -40.91983285770343
>-Z0.0015
175.038202597651 -40.91983285770343
174.955795 -41.01624
>-Z0.0015
174.955795 -41.01624
174.8899980025629 -41.08496118714271
>-Z0.0015
174.8899980025629 -41.08496118714271
174.8376611575893 -41.13962401763625
>-Z0.0015
174.7960309130097 -41.18310441856612
174.8376611575893 -41.13962401763625
>-Z0.0015
174.7960309130097 -41.18310441856612
174.762917 -41.21769
>-Z0.0015
174.762917 -41.21769
174.7274218962496 -41.25731148195172
>-Z0.0015
174.6925102282204 -41.29628170258983
174.7274218962496 -41.25731148195172
>-Z0.0015
174.6581724070831 -41.3346113654645
174.6925102282204 -41.29628170258983
>-Z0.0015
174.6581724070831 -41.3346113654645
174.624399 -41.372311
>-Z0.00142
174.5938590126548 -41.39137768239755
174.624399 -41.372311
>-Z0.00142
174.557257 -41.414229
174.5938590126548 -41.39137768239755
>-Z0.001151
174.557257 -41.414229
174.4994325306855 -41.43287908980876
>-Z0.001151
174.4537213799023 -41.44762227859155
174.4994325306855 -41.43287908980876
>-Z0.001151
174.417586 -41.459277
174.4537213799023 -41.44762227859155
>-Z0.006513
174.9496542949095 -41.17223232238348
175.037089 -41.122546
>-Z0.006513
174.9496542949095 -41.17223232238348
174.8801061883722 -41.21175426780539
>-Z0.006513
174.8801061883722 -41.21175426780539
174.8247856070854 -41.24319116958726
>-Z0.006513
174.8247856070854 -41.24319116958726
174.780782 -41.268197
>-Z0.0055
174.780782 -41.268197
174.7431915874431 -41.30326326482535
>-Z0.0055
174.7431915874431 -41.30326326482535
174.697802 -41.345605
>-Z0.005179
174.697802 -41.345605
174.6649666922091 -41.38711799641774
>-Z0.005179
174.6649666922091 -41.38711799641774
174.63866 -41.420377
>-Z0.005208
174.63866 -41.420377
174.6033620272293 -41.4364332396359
>-Z0.005208
174.6033620272293 -41.4364332396359
174.5635353662237 -41.45454947586163
>-Z0.005208
174.5635353662237 -41.45454947586163
174.518599 -41.47499
>-Z0.000259
174.605438 -41.117174
174.6457106532103 -41.05168432835855
>-Z0.000259
174.6457106532103 -41.05168432835855
174.688061 -40.982816
>-Z0.000259
174.688061 -40.982816
174.7234079184148 -40.93250241882756
>-Z0.000259
174.7234079184148 -40.93250241882756
174.7575 -40.883975
>-Z0.000259
174.7575 -40.883975
174.81888864979 -40.82531283232488
>-Z0.000259
174.81888864979 -40.82531283232488
174.8743972421526 -40.77226956840357
>-Z0.000259
174.8743972421526 -40.77226956840357
174.924589 -40.724307
>-Z9.1e-05
174.924589 -40.724307
174.9648200458459 -40.65392958698368
>-Z9.1e-05
174.9648200458459 -40.65392958698368
175.0087952257716 -40.57700244439945
>-Z9.1e-05
175.0087952257716 -40.57700244439945
175.056863 -40.492916
>-Z0.000423
175.1534783673773 -40.49463666692021
175.20841 -40.373623
>-Z0.000423
175.1534783673773 -40.49463666692021
175.111788 -40.58648
>-Z0.000423
175.111788 -40.58648
175.0666815360038 -40.65621268551192
>-Z0.000423
175.0666815360038 -40.65621268551192
175.0254155333176 -40.72000818027489
>-Z0.000423
174.987663 -40.778372
175.0254155333176 -40.72000818027489
>-Z0.000292
174.987663 -40.778372
174.9394736376275 -40.83656132418211
>-Z0.000292
174.8861795553579 -40.90091466851983
174.9394736376275 -40.83656132418211
>-Z0.000292
174.82724 -40.972085
174.8861795553579 -40.90091466851983
>-Z0.000292
174.7685992313882 -41.05471489239212
174.82724 -40.972085
>-Z0.000292
174.7685992313882 -41.05471489239212
174.713638 -41.13216
>-Z5.2e-05
174.677117738256 -41.19951982315958
174.713638 -41.13216
>-Z5.2e-05
174.6454781627107 -41.25787746113369
174.677117738256 -41.19951982315958
>-Z5.2e-05
174.618067 -41.308436
174.6454781627107 -41.25787746113369
>-Z0.00786
175.1399610186153 -41.67151482391071
175.267416 -41.670303
>-Z0.00786
175.1399610186153 -41.67151482391071
175.0219776501093 -41.6726365930677
>-Z0.00786
175.0219776501093 -41.6726365930677
174.912762 -41.673675
>-Z0.00786
174.912762 -41.673675
174.8061176957987 -41.69712808806261
>-Z0.00786
174.699938 -41.720479
174.8061176957987 -41.69712808806261
>-Z0.001768
175.144848 -41.240572
175.1377294346998 -41.26778449955517
>-Z0.001768
175.1377294346998 -41.26778449955517
175.1308 -41.294274
>-Z0.001768
175.1308 -41.294274
175.0975414812923 -41.32522892665705
>-Z0.001768
175.0975414812923 -41.32522892665705
175.054468 -41.365319
>-Z0.001768
175.054468 -41.365319
175.0006642660519 -41.42791874604613
>-Z0.001768
175.0006642660519 -41.42791874604613
174.9503747788126 -41.48642972472667
>-Z0.001768
174.9503747788126 -41.48642972472667
174.90337 -41.541119
>-Z0.001768
174.90337 -41.541119
174.8472417856326 -41.56448820230572
>-Z0.001768
174.8472417856326 -41.56448820230572
174.7989314256135 -41.58460241027533
>-Z0.001768
174.7989314256135 -41.58460241027533
174.75735 -41.601915
>-Z0.001149
175.608916 -41.689129
175.4878211316911 -41.71648448872826
>-Z0.001149
175.4878211316911 -41.71648448872826
175.3715155451341 -41.7427580724608
>-Z0.001149
175.3715155451341 -41.7427580724608
175.2598098179568 -41.76799254195861
>-Z0.001149
175.2598098179568 -41.76799254195861
175.152522 -41.792229
>-Z0.001149
175.152522 -41.792229
175.0750383171345 -41.85449036954984
>-Z0.001149
175.0750383171345 -41.85449036954984
175.006603 -41.909481
>-Z0.00599
175.037089 -41.122546
175.1078338603947 -41.10307981266003
>-Z0.00599
175.1623794079446 -41.08807103546769
175.1078338603947 -41.10307981266003
>-Z0.00599
175.204435 -41.076499
175.1623794079446 -41.08807103546769
>-Z0.004683
175.252829 -41.063242
175.204435 -41.076499
>-Z0.0061
175.252829 -41.063242
175.2871849012993 -41.03123547614758
>-Z0.0061
175.2871849012993 -41.03123547614758
175.3284451960792 -40.99279670554084
>-Z0.0061
175.3284451960792 -40.99279670554084
175.3779974252762 -40.946633032176
>-Z0.0061
175.3779974252762 -40.946633032176
175.437508 -40.891192
>-Z0.004822
175.4757735894013 -40.81218126167141
175.437508 -40.891192
>-Z0.004822
175.4757735894013 -40.81218126167141
175.505781 -40.750222
>-Z0.004822
175.505781 -40.750222
175.528 -40.69
>-Z0.005179
175.528 -40.69
175.5696531066045 -40.63947139718707
>-Z0.005179
175.6247703671215 -40.57260968165539
175.5696531066045 -40.63947139718707
>-Z0.005179
175.6977039807239 -40.48413528217252
175.6247703671215 -40.57260968165539
>-Z0.005179
175.794213 -40.367062
175.6977039807239 -40.48413528217252
>-Z0.000296
175.4169072058657 -41.29131324219138
175.46864 -41.257505
>-Z0.000296
175.376194 -41.31792
175.4169072058657 -41.29131324219138
>-Z0.000296
175.376194 -41.31792
175.334862 -41.363312
>-Z0.000296
175.334862 -41.363312
175.2868265953503 -41.40121676566607
>-Z0.000296
175.2868265953503 -41.40121676566607
175.222434 -41.452029
>-Z0.000296
175.222434 -41.452029
175.1578398763144 -41.50515176162205
>-Z0.000296
175.1578398763144 -41.50515176162205
175.086138 -41.56412
>-Z0.011458
175.3812607035974 -41.06662103073023
175.431751 -41.029662
>-Z0.011458
175.3227967804515 -41.10941677736098
175.3812607035974 -41.06662103073023
>-Z0.011458
175.3227967804515 -41.10941677736098
175.2551 -41.158971
>-Z0.011458
175.2551 -41.158971
175.1925057457838 -41.20529899167633
>-Z0.011458
175.144848 -41.240572
175.1925057457838 -41.20529899167633
>-Z0.004454
176.125432 -41.314941
176.0777662241942 -41.3292776124842
>-Z0.004454
176.0777662241942 -41.3292776124842
176.03315 -41.342697
>-Z0.004454
176.03315 -41.342697
175.9588874166135 -41.37184590730714
>-Z0.004454
175.9588874166135 -41.37184590730714
175.8713255990091 -41.40621491507125
>-Z0.004454
175.8713255990091 -41.40621491507125
175.7680828421377 -41.44673886957084
>-Z0.004454
175.7680828421377 -41.44673886957084
175.646351 -41.49452
>-Z0.004454
175.646351 -41.49452
175.5688556863654 -41.53274052283993
>-Z0.004454
175.5688556863654 -41.53274052283993
175.5 -41.5667
>-Z0.004454
175.5 -41.5667
175.3913347013772 -41.61510423646175
>-Z0.004454
175.3913347013772 -41.61510423646175
175.267416 -41.670303
>-Z0.00786
175.5184123381345 -41.6841397703125
175.608916 -41.689129
>-Z0.00786
175.438166 -41.679716
175.5184123381345 -41.6841397703125
>-Z0.00786
175.3583900934063 -41.67531816334544
175.438166 -41.679716
>-Z0.00786
175.267416 -41.670303
175.3583900934063 -41.67531816334544
>-Z0.000575
175.6894230173133 -39.30983602717474
175.744191 -39.281305
>-Z0.000575
175.6276573821775 -39.34201243623856
175.6894230173133 -39.30983602717474
>-Z0.000575
175.6276573821775 -39.34201243623856
175.558 -39.3783
>-Z0.00059
175.4923792881686 -39.38726980879228
175.558 -39.3783
>-Z0.00059
175.4923792881686 -39.38726980879228
175.418767 -39.397332
>-Z0.00059
175.418767 -39.397332
175.3424548264496 -39.37038941049784
>-Z0.00059
175.3424548264496 -39.37038941049784
175.258541 -39.340763
>-Z0.002265
176.096542 -40.877599
175.9841923879314 -40.90967823713972
>-Z0.002265
175.9841923879314 -40.90967823713972
175.87187602373 -40.94174798100038
>-Z0.002265
175.87187602373 -40.94174798100038
175.7595928976677 -40.97380823435969
>-Z0.002265
175.647343 -41.005859
175.7595928976677 -40.97380823435969
>-Z0.002265
175.647343 -41.005859
175.5595586065706 -41.01555106611006
>-Z0.002265
175.5595586065706 -41.01555106611006
175.4887946292233 -41.02336394855838
>-Z0.002265
175.4887946292233 -41.02336394855838
175.431751 -41.029662
>-Z0.005682
175.478228 -40.989116
175.524706 -40.94857
>-Z0.005682
175.431751 -41.029662
175.478228 -40.989116
>-Z0.000296
175.6 -41.158333
175.565 -41.218333
>-Z0.000296
175.565 -41.218333
175.5216670570002 -41.23594858782885
>-Z0.000296
175.5216670570002 -41.23594858782885
175.46864 -41.257505
>-Z0.000473
176.0014144305896 -40.78676727503221
176.075 -40.7617
>-Z0.000473
175.923618 -40.813269
176.0014144305896 -40.78676727503221
>-Z0.000473
175.851783728501 -40.82453382076736
175.923618 -40.813269
>-Z0.000473
175.851783728501 -40.82453382076736
175.793447 -40.833682
>-Z0.0005
175.7371709611701 -40.85484372485323
175.793447 -40.833682
>-Z0.0005
175.7371709611701 -40.85484372485323
175.6893348950153 -40.87283172989188
>-Z0.0005
175.6893348950153 -40.87283172989188
175.648673 -40.888122
>-Z0.0005
175.648673 -40.888122
175.6093264237533 -40.90730792723033
>-Z0.0005
175.5680361057046 -40.92744164947423
175.6093264237533 -40.90730792723033
>-Z0.0005
175.5680361057046 -40.92744164947423
175.524706 -40.94857
>-Z0.005682
175.6664716350495 -40.81082515453308
175.710527 -40.765956
>-Z0.005682
175.6284156281829 -40.84958413099211
175.6664716350495 -40.81082515453308
>-Z0.005682
175.595542 -40.883065
175.6284156281829 -40.84958413099211
>-Z0.005682
175.5614043163988 -40.91463353809212
175.595542 -40.883065
>-Z0.005682
175.524706 -40.94857
175.5614043163988 -40.91463353809212
>-Z0.001149
176.6039129914948 -41.31555172869233
176.678793 -41.277131
>-Z0.001149
176.5060753779001 -41.36575194211204
176.6039129914948 -41.31555172869233
>-Z0.001149
176.3782415810725 -41.43134311555965
176.5060753779001 -41.36575194211204
>-Z0.001149
176.211215 -41.517044
176.3782415810725 -41.43134311555965
>-Z0.001149
176.0437407470948 -41.56489366737649
176.211215 -41.517044
>-Z0.001149
175.8880784331942 -41.60936850344225
176.0437407470948 -41.56489366737649
>-Z0.001149
175.7433949697187 -41.65070653291299
175.8880784331942 -41.60936850344225
>-Z0.001149
175.608916 -41.689129
175.7433949697187 -41.65070653291299
>-Z0.00035
175.6333938149306 -39.45185834742728
175.557 -39.5067
>-Z0.00035
175.708 -39.3983
175.6333938149306 -39.45185834742728
>-Z0.0001
175.7280337242563 -39.33353678347193
175.708 -39.3983
>-Z0.0001
175.744191 -39.281305
175.7280337242563 -39.33353678347193
>-Z0.00145
175.6738530302513 -39.00109208493588
175.712 -38.9367
>-Z0.00145
175.637 -39.0633
175.6738530302513 -39.00109208493588
>-Z0.00135
175.5997877344623 -39.16421966413832
175.637 -39.0633
>-Z0.00135
175.562 -39.2667
175.5997877344623 -39.16421966413832
>-Z0.004735
175.710527 -40.765956
175.791085 -40.746816
>-Z0.003314
175.791085 -40.746816
175.8337043138891 -40.70777633763594
>-Z0.003314
175.8337043138891 -40.70777633763594
175.865557 -40.678599
>-Z0.001412
175.7573809155846 -40.72310767213996
175.710527 -40.765956
>-Z0.001412
175.795233485799 -40.68849115570467
175.7573809155846 -40.72310767213996
>-Z0.001412
175.825814 -40.660525
175.795233485799 -40.68849115570467
>-Z0.001412
175.8579774275533 -40.63111151090857
175.825814 -40.660525
>-Z0.001412
175.896045434692 -40.59629827743557
175.8579774275533 -40.63111151090857
>-Z0.001412
175.941102 -40.555094
175.896045434692 -40.59629827743557
>-Z0.00115
175.702963782979 -39.15299899259995
175.668 -39.2033
>-Z0.00115
175.737808 -39.10287
175.702963782979 -39.15299899259995
>-Z0.00115
175.737808 -39.10287
175.7753621489987 -39.04884156182136
>-Z0.00115
175.7753621489987 -39.04884156182136
175.807615 -39.00244
>-Z0.000315
175.784329 -39.214595
175.744191 -39.281305
>-Z0.0005
175.8103285771806 -39.16350368764559
175.784329 -39.214595
>-Z0.0005
175.8365515925019 -39.11197330092619
175.8103285771806 -39.16350368764559
>-Z0.0005
175.863 -39.06
175.8365515925019 -39.11197330092619
>-Z0.002
176.754023 -39.026441
176.6919063062693 -39.12332270740852
>-Z0.002
176.6919063062693 -39.12332270740852
176.6343326356665 -39.21311878596292
>-Z0.002
176.6343326356665 -39.21311878596292
176.5809697276175 -39.29634745338827
>-Z0.002
176.5809697276175 -39.29634745338827
176.531509636511 -39.37348900402777
>-Z0.002
176.531509636511 -39.37348900402777
176.4856669166825 -39.44498863967303
>-Z0.002
176.4856669166825 -39.44498863967303
176.443177 -39.511259
>-Z0.003766
176.443177 -39.511259
176.3990089383243 -39.57911661578134
>-Z0.003766
176.3990089383243 -39.57911661578134
176.3592363372413 -39.64022126426545
>-Z0.003766
176.3592363372413 -39.64022126426545
176.3234217690462 -39.69524498764734
>-Z0.003766
176.3234217690462 -39.69524498764734
176.2911713456244 -39.74479293605889
>-Z0.003766
176.2911713456244 -39.74479293605889
176.2621303756411 -39.78941003964643
>-Z0.003766
176.2621303756411 -39.78941003964643
176.2359794597639 -39.8295870076773
>-Z0.003766
176.2359794597639 -39.8295870076773
176.2124309988656 -39.86576569316298
>-Z0.003766
176.2124309988656 -39.86576569316298
176.191226 -39.898344
>-Z0.003766
176.191226 -39.898344
176.168751743675 -39.92755048656196
>-Z0.003766
176.168751743675 -39.92755048656196
176.1449881591302 -39.95843252344181
>-Z0.003766
176.1449881591302 -39.95843252344181
176.1198612804748 -39.99108623323234
>-Z0.003766
176.1198612804748 -39.99108623323234
176.0932928911031 -40.02561326255591
>-Z0.003766
176.0932928911031 -40.02561326255591
176.0652002928936 -40.06212108200199
>-Z0.003766
176.0652002928936 -40.06212108200199
176.0354960467388 -40.10072332332246
>-Z0.003766
176.0354960467388 -40.10072332332246
176.0040876933996 -40.14154014219603
>-Z0.003766
176.0040876933996 -40.14154014219603
175.9708774666043 -40.18469859107153
>-Z0.003766
175.9708774666043 -40.18469859107153
175.935762 -40.230333
>-Z0.003766
175.935762 -40.230333
175.8996668875681 -40.26519900843316
>-Z0.003766
175.8996668875681 -40.26519900843316
175.8534331550922 -40.30985839852207
>-Z0.003766
175.8534331550922 -40.30985839852207
175.794213 -40.367062
>-Z0.000367
176.7988152313886 -38.06999612675472
176.795 -38.0433
>-Z0.000367
176.7988152313886 -38.06999612675472
176.803500531047 -38.10278033846361
>-Z0.000367
176.803500531047 -38.10278033846361
176.8092543202681 -38.14304103846315
>-Z0.000367
176.8163202672418 -38.19248323392649
176.8092543202681 -38.14304103846315
>-Z0.000367
176.824997613868 -38.25320079515153
176.8163202672418 -38.19248323392649
>-Z0.000367
176.824997613868 -38.25320079515153
176.8356538436182 -38.32776509575621
>-Z0.000367
176.8356538436182 -38.32776509575621
176.8487402376061 -38.41933386238542
>-Z0.000367
176.864811 -38.531785
176.8487402376061 -38.41933386238542
>-Z0.000663
176.8282231136943 -38.64276446225071
176.864811 -38.531785
>-Z0.000663
176.8282231136943 -38.64276446225071
176.7911400114079 -38.75524602830627
>-Z0.000663
176.753555 -38.86925
176.7911400114079 -38.75524602830627
>-Z0.000663
176.6855618367373 -38.95295569649053
176.753555 -38.86925
>-Z0.000663
176.61946 -39.034333
176.6855618367373 -38.95295569649053
>-Z0.001036
176.61946 -39.034333
176.5487525828662 -39.15090655309989
>-Z0.001036
176.5487525828662 -39.15090655309989
176.459645 -39.297816
>-Z0.001036
176.4192269968829 -39.39769786397789
176.459645 -39.297816
>-Z0.001036
176.3873499389837 -39.47647315507475
176.4192269968829 -39.39769786397789
>-Z0.001036
176.362209 -39.538602
176.3873499389837 -39.47647315507475
>-Z0.001036
176.3257583538862 -39.60171851449938
176.362209 -39.538602
>-Z0.001036
176.2929351564913 -39.65855388053981
176.3257583538862 -39.60171851449938
>-Z0.001036
176.2633784111637 -39.70973318581731
176.2929351564913 -39.65855388053981
>-Z0.001036
176.2367630532345 -39.75581929961075
176.2633784111637 -39.70973318581731
>-Z0.001036
176.2127963660179 -39.79731907869516
176.2367630532345 -39.75581929961075
>-Z0.001036
176.1912147585258 -39.83468894692574
176.2127963660179 -39.79731907869516
>-Z0.001036
176.171780882952 -39.86833988648933
176.1912147585258 -39.83468894692574
>-Z0.001036
176.154281 -39.898642
176.171780882952 -39.86833988648933
>-Z0.001036
176.1299846137997 -39.92610570524494
176.154281 -39.898642
>-Z0.001036
176.1041146084947 -39.95534816931026
176.1299846137997 -39.92610570524494
>-Z0.001036
176.0765690472129 -39.98648461773568
176.1041146084947 -39.95534816931026
>-Z0.001036
176.0472394213962 -40.01963770444308
176.0765690472129 -39.98648461773568
>-Z0.001036
176.0160101713896 -40.05493805364433
176.0472394213962 -40.01963770444308
>-Z0.001036
175.9827582706512 -40.09252472983496
176.0160101713896 -40.05493805364433
>-Z0.001036
175.9473527056577 -40.13254582568829
175.9827582706512 -40.09252472983496
>-Z0.001036
175.909654 -40.175159
175.9473527056577 -40.13254582568829
>-Z0.001036
175.8810076832199 -40.22277911875378
175.909654 -40.175159
>-Z0.001036
175.8434511647012 -40.28521108463499
175.8810076832199 -40.22277911875378
>-Z0.001036
175.794213 -40.367062
175.8434511647012 -40.28521108463499
>-Z0.000473
176.282 -40.3933
176.2486571285905 -40.43980822179259
>-Z0.000473
176.2486571285905 -40.43980822179259
176.217332 -40.483502
>-Z0.000473
176.217332 -40.483502
176.130667 -40.529171
>-Z0.000947
176.130667 -40.529171
176.0592890837682 -40.56940282553158
>-Z0.000947
176.0592890837682 -40.56940282553158
175.9985638798224 -40.60363030007127
>-Z0.000947
175.9985638798224 -40.60363030007127
175.9469015397753 -40.63274953415737
>-Z0.000947
175.9469015397753 -40.63274953415737
175.9029494836424 -40.657522903113
>-Z0.000947
175.9029494836424 -40.657522903113
175.865557 -40.678599
>-Z0.002367
175.865557 -40.678599
175.8823328082496 -40.65117287188843
>-Z0.002367
175.8823328082496 -40.65117287188843
175.903329 -40.616847
>-Z0.002367
175.903329 -40.616847
175.941102 -40.555094
>-Z0.003064
175.951876 -41.31983
176.0166875513086 -41.27899694161422
>-Z0.003064
176.0166875513086 -41.27899694161422
176.0845658521878 -41.23623174672277
>-Z0.003064
176.0845658521878 -41.23623174672277
176.155656 -41.191443
>-Z0.003064
176.155656 -41.191443
176.211581 -41.112199
>-Z0.003064
176.2227307656652 -41.05507833326664
176.211581 -41.112199
>-Z0.003064
176.235338 -40.990491
176.2227307656652 -41.05507833326664
>-Z0.003064
176.304345591191 -40.8665856926545
176.235338 -40.990491
>-Z0.003064
176.400317 -40.694266
176.304345591191 -40.8665856926545
>-Z0.003064
176.518717 -40.6025845
176.400317 -40.694266
>-Z0.003064
176.518717 -40.6025845
176.637117 -40.510903
>-Z0.001888
176.3686969340416 -40.07667056375659
176.426014 -39.944685
>-Z0.001888
176.324956 -40.177394
176.3686969340416 -40.07667056375659
>-Z0.001888
176.241661 -40.261659
176.324956 -40.177394
>-Z0.002841
176.1844451231324 -40.32705550986538
176.241661 -40.261659
>-Z0.002841
176.1844451231324 -40.32705550986538
176.125 -40.395
>-Z0.003314
176.0517755386005 -40.458746190406
176.125 -40.395
>-Z0.003314
175.9912051216086 -40.51147629262523
176.0517755386005 -40.458746190406
>-Z0.003314
175.941102 -40.555094
175.9912051216086 -40.51147629262523
>-Z0.004
176.2054909818915 -41.29967412870882
176.125432 -41.314941
>-Z0.004
176.303428 -41.280998
176.2054909818915 -41.29967412870882
>-Z0.004
176.4211944930035 -41.27978477279862
176.303428 -41.280998
>-Z0.004
176.5213139751434 -41.27875334462222
176.4211944930035 -41.27978477279862
>-Z0.004
176.6064307648875 -41.277876473774
176.5213139751434 -41.27875334462222
>-Z0.004
176.678793 -41.277131
176.6064307648875 -41.277876473774
>-Z0.001336
176.190673913843 -41.2650115692031
176.125432 -41.314941
>-Z0.001336
176.2647012345884 -41.20835869422562
176.190673913843 -41.2650115692031
>-Z0.001336
176.348697 -41.144077
176.2647012345884 -41.20835869422562
>-Z0.001336
176.348697 -41.144077
176.4593982911144 -41.089851112964
>-Z0.001336
176.603217 -41.019403
176.4593982911144 -41.089851112964
>-Z0.001336
176.603217 -41.019403
176.7100161302239 -40.94064522919059
>-Z0.001336
176.796543 -40.876837
176.7100161302239 -40.94064522919059
>-Z0.000766
177.0263855000007 -39.35533699999906
177.122907 -39.214972
>-Z0.000766
176.929864 -39.495702
177.0263855000007 -39.35533699999906
>-Z0.000766
176.843536 -39.6057435
176.929864 -39.495702
>-Z0.000766
176.757208 -39.715785
176.843536 -39.6057435
>-Z0.001162
176.619742545298 -39.89934638564959
176.757208 -39.715785
>-Z0.001162
176.619742545298 -39.89934638564959
176.5146728628465 -40.0396488095741
>-Z0.001162
176.5146728628465 -40.0396488095741
176.43642 -40.144142
>-Z0.004
176.754125 -41.277452
176.678793 -41.277131
>-Z0.001594
176.754125 -41.277452
176.7985193646355 -41.2444398908076
>-Z0.001594
176.7985193646355 -41.2444398908076
176.846188 -41.208993
>-Z0.001594
176.846188 -41.208993
176.907167 -41.147144
>-Z0.001671
176.876642 -37.962573
176.8435752965295 -37.98575127520972
>-Z0.001671
176.8182489210846 -38.00350392783355
176.8435752965295 -37.98575127520972
>-Z0.001671
176.798851 -38.017101
176.8182489210846 -38.00350392783355
>-Z0.001671
176.7756638491402 -38.02918538700864
176.798851 -38.017101
>-Z0.001671
176.7446547386885 -38.04534632432075
176.7756638491402 -38.02918538700864
>-Z0.001671
176.703185 -38.066959
176.7446547386885 -38.04534632432075
>-Z0.001719
177.186755761688 -37.77989869487985
177.210323 -37.7152
>-Z0.001719
177.155066 -37.866896
177.186755761688 -37.77989869487985
>-Z0.001036
177.1672662379774 -37.99366434869182
177.155066 -37.866896
>-Z0.001036
177.1806477775113 -38.13270718316856
177.1672662379774 -37.99366434869182
>-Z0.001036
177.195325 -38.285213
177.1806477775113 -38.13270718316856
>-Z0.001036
177.1812106957641 -38.37480627552797
177.195325 -38.285213
>-Z0.001036
177.169443 -38.449504
177.1812106957641 -38.37480627552797
>-Z0.001036
177.114167 -38.551045
177.169443 -38.449504
>-Z0.001883
177.079301875673 -38.64743424918662
177.114167 -38.551045
>-Z0.001883
177.039811 -38.756612
177.079301875673 -38.64743424918662
>-Z0.001883
176.9414953868476 -38.84943746356493
177.039811 -38.756612
>-Z0.001883
176.8462649965059 -38.93934998961748
176.9414953868476 -38.84943746356493
>-Z0.001883
176.754023 -39.026441
176.8462649965059 -38.93934998961748
>-Z0.001153
176.965898 -37.938155
176.9742462727944 -37.96397077917582
>-Z0.001153
176.9742462727944 -37.96397077917582
176.9856223743207 -37.99914966373276
>-Z0.001153
176.9856223743207 -37.99914966373276
177.0011244666984 -38.04708755501159
>-Z0.001153
177.0011244666984 -38.04708755501159
177.022249 -38.112412
>-Z0.001153
177.022249 -38.112412
177.018699644404 -38.25796589613024
>-Z0.001153
177.018699644404 -38.25796589613024
177.0156390824471 -38.38347507804313
>-Z0.001153
177.0156390824471 -38.38347507804313
177.013 -38.4917
>-Z0.002071
177.013 -38.4917
176.9850078593534 -38.56061796425845
>-Z0.002071
176.9850078593534 -38.56061796425845
176.954757 -38.635097
>-Z0.002071
176.954757 -38.635097
176.9016904808686 -38.69790034980984
>-Z0.002071
176.9016904808686 -38.69790034980984
176.847543 -38.761983
>-Z0.002071
176.847543 -38.761983
176.8157815806783 -38.85179866970673
>-Z0.002071
176.8157815806783 -38.85179866970673
176.7846119282981 -38.9399409272898
>-Z0.002071
176.7846119282981 -38.9399409272898
176.754023 -39.026441
>-Z0.002298
176.9135127074089 -40.16667343486472
176.826587 -40.270235
>-Z0.002298
176.978979608983 -40.08867746573585
176.9135127074089 -40.16667343486472
>-Z0.002298
177.028285 -40.029936
176.978979608983 -40.08867746573585
>-Z0.001532
177.028285 -40.029936
177.081146 -39.969977
>-Z0.001532
177.081146 -39.969977
177.1072018293842 -39.9342475695916
>-Z0.001532
177.135086 -39.896011
177.1072018293842 -39.9342475695916
>-Z0.001915
177.0249990755819 -40.77982332168031
176.951179 -40.902624
>-Z0.001915
177.0249990755819 -40.77982332168031
177.09103 -40.66998
>-Z0.001915
177.09103 -40.66998
177.12324 -40.548753
>-Z0.001915
177.12324 -40.548753
177.1933488837903 -40.45887632562552
>-Z0.001915
177.1933488837903 -40.45887632562552
177.26131 -40.371753
>-Z0.001915
177.290527 -40.257566
177.26131 -40.371753
>-Z0.001532
177.290527 -40.257566
177.4011084172146 -40.17647948568026
>-Z0.001532
177.5500655697164 -40.06725302988328
177.4011084172146 -40.17647948568026
>-Z0.001532
177.743588 -39.925348
177.5500655697164 -40.06725302988328
>-Z0.001532
177.743588 -39.925348
177.869459 -39.8580645
>-Z0.001532
177.869459 -39.8580645
177.99533 -39.790781
>-Z0.000211
176.876642 -37.962573
176.9146698985914 -37.95406273365365
>-Z0.000211
176.9146698985914 -37.95406273365365
176.942266 -37.947887
>-Z0.000211
176.942266 -37.947887
176.965898 -37.938155
>-Z0.002057
176.9124063458994 -37.93708252308424
176.876642 -37.962573
>-Z0.002057
176.938522 -37.918469
176.9124063458994 -37.93708252308424
>-Z0.001735
176.9622867274685 -37.90022196408608
176.938522 -37.918469
>-Z0.001735
176.9910388337551 -37.87814551836588
176.9622867274685 -37.90022196408608
>-Z0.001735
177.025825 -37.851436
176.9910388337551 -37.87814551836588
>-Z0.000786
177.003294 -37.898876
177.025825 -37.851436
>-Z0.000786
176.9820630778972 -37.92117596227612
177.003294 -37.898876
>-Z0.000786
176.965898 -37.938155
176.9820630778972 -37.92117596227612
>-Z0.000766
177.2451033972894 -40.7881818864788
177.156218 -40.905191
>-Z0.000766
177.342426 -40.660066
177.2451033972894 -40.7881818864788
>-Z0.000766
177.5167855016005 -40.51360063809327
177.342426 -40.660066
>-Z0.000766
177.691087 -40.367184
177.5167855016005 -40.51360063809327
>-Z0.000766
177.7943560088633 -40.28457719042675
177.691087 -40.367184
>-Z0.000766
177.882929 -40.213726
177.7943560088633 -40.28457719042675
>-Z0.000766
178.036322 -40.11817
177.882929 -40.213726
>-Z0.000766
178.1154762335137 -40.02772605510177
178.036322 -40.11817
>-Z0.000766
178.1877962142554 -39.94509112753205
178.1154762335137 -40.02772605510177
>-Z0.000766
178.253872 -39.869591
178.1877962142554 -39.94509112753205
>-Z0.000766
178.338046 -39.760442
178.253872 -39.869591
>-Z0.001149
177.127215 -39.722134
177.2108157558578 -39.69296644842454
>-Z0.001149
177.2108157558578 -39.69296644842454
177.295385 -39.663461
>-Z0.001149
177.295385 -39.663461
177.3847243922872 -39.5911359902101
>-Z0.001149
177.3847243922872 -39.5911359902101
177.477163 -39.516302
>-Z0.001149
177.477163 -39.516302
177.5532856580436 -39.45559452775694
>-Z0.001149
177.5532856580436 -39.45559452775694
177.630483 -39.39403
>-Z0.001388
177.210323 -37.7152
177.147172 -37.741099
>-Z0.001735
177.147172 -37.741099
177.1031423676212 -37.78113375609435
>-Z0.001735
177.1031423676212 -37.78113375609435
177.0627960756815 -37.81781936689435
>-Z0.001735
177.0627960756815 -37.81781936689435
177.025825 -37.851436
>-Z0.000764
177.3074 -37.57855
177.278567 -37.656717
>-Z0.001388
177.2427456552789 -37.68741478593466
177.278567 -37.656717
>-Z0.001388
177.210323 -37.7152
177.2427456552789 -37.68741478593466
>-Z0.000471
177.347817 -37.850733
177.3971517806316 -38.01797090289029
>-Z0.000471
177.3971517806316 -38.01797090289029
177.442 -38.17
>-Z0.000471
177.442 -38.17
177.472 -38.3267
>-Z0.002227
177.560412 -39.687853
177.6565794334144 -39.62072867409886
>-Z0.002227
177.6565794334144 -39.62072867409886
177.755362 -39.551779
>-Z0.002227
177.8509248508391 -39.48097171692483
177.755362 -39.551779
>-Z0.002227
177.923067 -39.427518
177.8509248508391 -39.48097171692483
>-Z0.004008
177.984581 -39.355797
177.923067 -39.427518
>-Z0.004008
177.9932848851378 -39.27273866866211
177.984581 -39.355797
>-Z0.004008
178.004617 -39.1646
177.9932848851378 -39.27273866866211
>-Z0.004008
178.004617 -39.1646
178.1076755351033 -39.01877641065539
>-Z0.004008
178.206584 -38.878825
178.1076755351033 -39.01877641065539
>-Z0.004673
178.206584 -38.878825
178.2886777165197 -38.83117946823246
>-Z0.004673
178.359732 -38.789941
178.2886777165197 -38.83117946823246
>-Z0.004673
178.3913977054005 -38.72599093977215
178.359732 -38.789941
>-Z0.004673
178.3913977054005 -38.72599093977215
178.418595 -38.671065
>-Z0.004596
178.418595 -38.671065
178.434329 -38.574483
>-Z0.004596
178.434329 -38.574483
178.4259133601852 -38.51620927521611
>-Z0.004596
178.4259133601852 -38.51620927521611
178.418484 -38.464765
>-Z0.004596
178.418484 -38.464765
178.448141 -38.394505
>-Z0.001149
178.513365 -39.29091
178.499715 -39.401002
>-Z0.001149
178.499715 -39.401002
178.5101400528648 -39.46901431779813
>-Z0.001149
178.522197 -39.547673
178.5101400528648 -39.46901431779813
>-Z0.001532
178.554532 -39.140579
178.6208200909162 -39.0953302523673
>-Z0.001532
178.6208200909162 -39.0953302523673
178.688423 -39.049184
>-Z0.001532
178.688423 -39.049184
178.7643825789727 -38.98496501475983
>-Z0.001532
178.825428 -38.933355
178.7643825789727 -38.98496501475983
>-Z0.001532
178.831056 -38.828805
178.825428 -38.933355
>-Z0.002298
178.641522 -38.109393
178.549767 -38.180026
>-Z0.002298
178.641522 -38.109393
178.6944368851315 -38.04046750194798
>-Z0.002298
178.760918 -37.953871
178.6944368851315 -38.04046750194798
>-Z0.002298
178.760918 -37.953871
178.842286 -37.775224
>-Z0.001149
179.04287 -38.216872
179.137434 -38.121031
>-Z0.001149
178.9844241941038 -38.31771395973534
179.04287 -38.216872
>-Z0.001149
178.9844241941038 -38.31771395973534
178.908693 -38.44838
>-Z0.001149
178.8402091531087 -38.5881620752665
178.908693 -38.44838
>-Z0.001149
178.787293 -38.696169
178.8402091531087 -38.5881620752665
